panel rows (all runs): 29925
l3_iv_tailwind_score non-null: 29925 non-zero: 17784 capped differs from raw: 162
IV_pipe non-null by run: {'20260723_072618': 602, '20260731_083130': 553, '20260804_114554': 578, '20260808_103922': 509, '20260809_195823': 445, '20260814_114553': 598, '20260815_091604': 580, '20260816_075339': 490, '20260818_041214': 554, '20260820_225652': 446, '20260821_090928': 373, '20260824_100301': 465, '20260831_010309': 927, '20260901_082437': 934, '20260902_232526': 1046, '20260904_004338': 1210, '20260904_122358': 1247, '20260905_151448': 1267, '20260906_213931': 1269, '20260909_071646': 1234, '20260910_150045': 1240, '20260911_115904': 1217}
after dedupe (ticker, forecast_session) keep latest run: 24530
sigma_f in (0,3]: 24530
greeks subsample rows: 2700

=== (c) headline: y=abs, IV=surface ===
 h direction iv_source   y model    n  n_nonoverlap  G_session  G_ticker     b_F  se_F_hc1  se_F_cl_session  se_F_cl_ticker  t_F_hc1  p_F_hc1  t_F_cl_session  p_F_cl_session  t_F_cl_ticker   b_IV  t_IV_hc1     R2  b_F_nonov  t_F_nonov_hc1  corr_F_IV power
 5    POOLED      surf abs     c 2389        1300.0        6.0     497.0  0.1918    0.0509           0.0706          0.0546   3.7645   0.0002          2.7172          0.0419         3.5148 0.4860    8.8810 0.2471     0.1665         2.0719     0.7448    OK
 5      CALL      surf abs     c  724         599.0        6.0     406.0  0.3525    0.1035           0.0994          0.1034   3.4047   0.0007          3.5471          0.0164         3.4094 0.3899    4.2656 0.2766     0.4184         3.9947     0.7900    OK
 5       PUT      surf abs     c  253         199.0        6.0     172.0  0.1276    0.1685           0.2051          0.1689   0.7570   0.4490          0.6220          0.5612         0.7555 0.6332    2.9099 0.2145     0.0149         0.0667     0.6762    OK
 5     OTHER      surf abs     c 1412         798.0        6.0     466.0  0.1364    0.0588           0.0747          0.0755   2.3216   0.0203          1.8260          0.1274         1.8069 0.4966    6.9671 0.2305     0.0661         0.8563     0.7529    OK
10    POOLED      surf abs     c 2935        1835.0        3.0    1509.0  0.3125    0.0503           0.0325          0.0536   6.2098   0.0000          9.6034          0.0107         5.8349 0.1809    4.3731 0.1707     0.2934         4.4370     0.7647    OK
10      CALL      surf abs     c 1745        1289.0        3.0    1188.0  0.3311    0.0744           0.1027          0.0769   4.4519   0.0000          3.2234          0.0843         4.3047 0.1550    2.8427 0.1710     0.3230         3.4295     0.7649    OK
10       PUT      surf abs     c  272         242.0        3.0     235.0  0.0387    0.0915           0.1240          0.0963   0.4231   0.6722          0.3124          0.7843         0.4021 0.3812    3.2620 0.1192     0.0541         0.5773     0.7247    OK
10     OTHER      surf abs     c  918         738.0        3.0     700.0  0.3327    0.0715           0.0629          0.0802   4.6529   0.0000          5.2846          0.0340         4.1472 0.1995    2.7248 0.1864     0.3315         4.0951     0.7833    OK
20    POOLED      surf abs     c 2931        1506.0        3.0    1506.0  0.1962    0.0416           0.0257          0.0481   4.7211   0.0000          7.6451          0.0167         4.0747 0.2061    5.4117 0.1320     0.2446         3.8320     0.7646    OK
20      CALL      surf abs     c 1743        1186.0        3.0    1186.0  0.2620    0.0583           0.0528          0.0617   4.4936   0.0000          4.9582          0.0384         4.2495 0.1744    3.5221 0.1535     0.2970         3.8482     0.7646    OK
20       PUT      surf abs     c  270         234.0        3.0     234.0 -0.0156    0.1145           0.1333          0.1184  -0.1362   0.8917         -0.1170          0.9175        -0.1318 0.3929    3.7286 0.0993    -0.0227        -0.1901     0.7265    OK
20     OTHER      surf abs     c  918         700.0        3.0     700.0  0.1347    0.0548           0.1177          0.0611   2.4599   0.0139          1.1448          0.3708         2.2038 0.2213    3.7357 0.1069     0.1644         2.5982     0.7833    OK

=== (a)/(b) R2 compare, y=abs, IV=surface ===
 h direction iv_source model     n       a     b_F   b_IV  t_F_hc1  t_IV_hc1     R2  mean_F_over_mean_y  median_F_over_y  mean_IV_over_mean_y  median_sigmaf_over_IV
 5    POOLED      none     a 17275  0.0080  0.5188    NaN  33.6920       NaN 0.1506              1.6069           2.0775                  NaN                    NaN
 5      CALL      none     a  9106  0.0066  0.5541    NaN  25.0260       NaN 0.1670              1.5562           2.0155                  NaN                    NaN
 5       PUT      none     a  1837  0.0129  0.4543    NaN  10.0828       NaN 0.1018              1.6375           2.1189                  NaN                    NaN
 5     OTHER      none     a  6332  0.0083  0.4917    NaN  20.2919       NaN 0.1460              1.6729           2.1448                  NaN                    NaN
 5    POOLED      surf     a  2389  0.0076  0.5636    NaN  15.5454       NaN 0.1831              1.5304           1.9264               1.4336                 1.1341
 5    POOLED      surf     b  2389  0.0057     NaN 0.6251      NaN   16.8212 0.2377              1.5304           1.9264               1.4336                 1.1341
 5    POOLED      surf     c  2389  0.0005  0.1918 0.4860   3.7645    8.8810 0.2471              1.5304           1.9264               1.4336                 1.1341
 5      CALL      surf     a   724  0.0032  0.7077    NaN   9.8349       NaN 0.2402              1.3394           1.7529               1.4095                 1.0378
 5      CALL      surf     b   724  0.0068     NaN 0.6314      NaN   10.2356 0.2542              1.3394           1.7529               1.4095                 1.0378
 5      CALL      surf     c   724 -0.0013  0.3525 0.3899   3.4047    4.2656 0.2766              1.3394           1.7529               1.4095                 1.0378
 5       PUT      surf     a   253  0.0205  0.4292    NaN   3.5211       NaN 0.1352              1.5206           1.8535               1.2785                 1.2058
 5       PUT      surf     b   253  0.0020     NaN 0.7557      NaN    4.8338 0.2080              1.5206           1.8535               1.2785                 1.2058
 5       PUT      surf     c   253 -0.0002  0.1276 0.6332   0.7570    2.9099 0.2145              1.5206           1.8535               1.2785                 1.2058
 5     OTHER      surf     a  1412  0.0081  0.5101    NaN  11.8836       NaN 0.1634              1.6510           2.0907               1.4806                 1.1817
 5     OTHER      surf     b  1412  0.0058     NaN 0.5994      NaN   12.6300 0.2254              1.6510           2.0907               1.4806                 1.1817
 5     OTHER      surf     c  1412  0.0020  0.1364 0.4966   2.3216    6.9671 0.2305              1.6510           2.0907               1.4806                 1.1817
10    POOLED      none     a 13460  0.0115  0.4942    NaN  34.7155       NaN 0.1714              1.6688           2.0146                  NaN                    NaN
10      CALL      none     a  8831  0.0115  0.4792    NaN  27.6406       NaN 0.1751              1.7030           2.0502                  NaN                    NaN
10       PUT      none     a  1567  0.0130  0.5089    NaN  10.3046       NaN 0.1306              1.6061           1.9854                  NaN                    NaN
10     OTHER      none     a  3062  0.0118  0.5170    NaN  18.3251       NaN 0.1815              1.6141           1.9163                  NaN                    NaN
10    POOLED      surf     a  2935  0.0185  0.4613    NaN  16.0498       NaN 0.1589              1.5970           1.9192               1.7461                 0.9401
10    POOLED      surf     b  2935  0.0208     NaN 0.4031      NaN   15.8149 0.1404              1.5970           1.9192               1.7461                 0.9401
10    POOLED      surf     c  2935  0.0130  0.3125 0.1809   6.2098    4.3731 0.1707              1.5970           1.9192               1.7461                 0.9401
10      CALL      surf     a  1745  0.0166  0.4663    NaN  11.4658       NaN 0.1614              1.6194           1.9803               1.8113                 0.9295
10      CALL      surf     b  1745  0.0214     NaN 0.3772      NaN   12.0776 0.1373              1.6194           1.9803               1.8113                 0.9295
10      CALL      surf     c  1745  0.0124  0.3311 0.1550   4.4519    2.8427 0.1710              1.6194           1.9803               1.8113                 0.9295
10       PUT      surf     a   272  0.0364  0.2998    NaN   3.9350       NaN 0.0707              1.5714           1.9414               1.6844                 0.9353
10       PUT      surf     b   272  0.0212     NaN 0.4109      NaN    4.9521 0.1187              1.5714           1.9414               1.6844                 0.9353
10       PUT      surf     c   272  0.0205  0.0387 0.3812   0.4231    3.2620 0.1192              1.5714           1.9414               1.6844                 0.9353
10     OTHER      surf     a   918  0.0180  0.4862    NaN  11.3808       NaN 0.1753              1.5660           1.8587               1.6518                 0.9643
10     OTHER      surf     b   918  0.0175     NaN 0.4647      NaN    9.5632 0.1546              1.5660           1.8587               1.6518                 0.9643
10     OTHER      surf     c   918  0.0113  0.3327 0.1995   4.6529    2.7248 0.1864              1.5660           1.8587               1.6518                 0.9643
20    POOLED      none     a  5172  0.0382  0.3887    NaN  19.6470       NaN 0.1059              1.5880           1.9282                  NaN                    NaN
20      CALL      none     a  3255  0.0325  0.4196    NaN  17.1954       NaN 0.1326              1.5922           1.9199                  NaN                    NaN
20       PUT      none     a   495  0.0376  0.4722    NaN   3.5367       NaN 0.0776              1.3955           1.7752                  NaN                    NaN
20     OTHER      none     a  1422  0.0495  0.3079    NaN  10.4990       NaN 0.0726              1.6519           2.0286                  NaN                    NaN
20    POOLED      surf     a  2931  0.0348  0.3656    NaN  14.5411       NaN 0.1145              1.7093           2.0430               1.8684                 0.9405
20    POOLED      surf     b  2931  0.0329     NaN 0.3456      NaN   14.7398 0.1183              1.7093           2.0430               1.8684                 0.9405
20    POOLED      surf     c  2931  0.0259  0.1962 0.2061   4.7211    5.4117 0.1320              1.7093           2.0430               1.8684                 0.9405
20      CALL      surf     a  1743  0.0268  0.4140    NaN  12.1325       NaN 0.1401              1.7025           2.0527               1.9043                 0.9295
20      CALL      surf     b  1743  0.0303     NaN 0.3501      NaN   11.4422 0.1302              1.7025           2.0527               1.9043                 0.9295
20      CALL      surf     c  1743  0.0202  0.2620 0.1744   4.4936    3.5221 0.1535              1.7025           2.0527               1.9043                 0.9295
20       PUT      surf     a   270  0.0586  0.2541    NaN   2.3735       NaN 0.0494              1.5707           1.7884               1.6791                 0.9374
20       PUT      surf     b   270  0.0352     NaN 0.3809      NaN    4.8636 0.0992              1.5707           1.7884               1.6791                 0.9374
20       PUT      surf     c   270  0.0356 -0.0156 0.3929  -0.1362    3.7286 0.0993              1.5707           1.7884               1.6791                 0.9374
20     OTHER      surf     a   918  0.0438  0.3051    NaN   8.4971       NaN 0.0893              1.7635           2.1266               1.8602                 0.9643
20     OTHER      surf     b   918  0.0368     NaN 0.3287      NaN    8.5617 0.1001              1.7635           2.1266               1.8602                 0.9643
20     OTHER      surf     c   918  0.0332  0.1347 0.2213   2.4599    3.7357 0.1069              1.7635           2.1266               1.8602                 0.9643

=== (c) other IV sources / y types, POOLED ===
 h iv_source   y    n  n_nonoverlap  G_session    b_F  t_F_hc1  t_F_cl_session  p_F_cl_session  t_F_cl_ticker   b_IV  t_IV_hc1     R2  b_F_nonov  t_F_nonov_hc1  corr_F_IV                                                                                                                                       sessions
 5      surf abs 2389        1300.0        6.0 0.1918   3.7645          2.7172          0.0419         3.5148 0.4860    8.8810 0.2471     0.1665         2.0719     0.7448                                                                              2026-07-22;2026-08-03;2026-08-07;2026-08-28;2026-08-31;2026-09-01
 5      surf  rv 2389        1300.0        6.0 0.2278   6.4693          4.0530          0.0098         5.1063 0.4805   11.8355 0.4655     0.1849         3.3816     0.7448                                                                              2026-07-22;2026-08-03;2026-08-07;2026-08-28;2026-08-31;2026-09-01
 5      surf  mx 2389        1300.0        6.0 0.3199   6.4408          3.1673          0.0249         5.5716 0.6287   11.6684 0.4262     0.2391         3.1378     0.7448                                                                              2026-07-22;2026-08-03;2026-08-07;2026-08-28;2026-08-31;2026-09-01
 5      pipe abs 8062        4476.0       13.0 0.4181  18.5256          6.7403          0.0000        12.7826 0.1645    7.8659 0.1560     0.3995        12.6830     0.5483 2026-07-22;2026-07-30;2026-08-03;2026-08-07;2026-08-13;2026-08-14;2026-08-17;2026-08-19;2026-08-20;2026-08-21;2026-08-28;2026-08-31;2026-09-01
 5      pipe  rv 8062        4476.0       13.0 0.4993  27.6489          9.9671          0.0000        17.2742 0.1576    7.9015 0.2851     0.4750        19.7038     0.5483 2026-07-22;2026-07-30;2026-08-03;2026-08-07;2026-08-13;2026-08-14;2026-08-17;2026-08-19;2026-08-20;2026-08-21;2026-08-28;2026-08-31;2026-09-01
 5      pipe  mx 8062        4476.0       13.0 0.6473  25.9726          9.0409          0.0000        16.8705 0.2201    8.9094 0.2839     0.6117        17.9007     0.5483 2026-07-22;2026-07-30;2026-08-03;2026-08-07;2026-08-13;2026-08-14;2026-08-17;2026-08-19;2026-08-20;2026-08-21;2026-08-28;2026-08-31;2026-09-01
 5     cache abs 6005        3074.0       13.0 0.1911   4.0464          4.1169          0.0014         3.1025 0.3914    6.3862 0.1644     0.1457         1.9977     0.6956 2026-07-22;2026-07-30;2026-08-03;2026-08-07;2026-08-13;2026-08-14;2026-08-17;2026-08-19;2026-08-20;2026-08-21;2026-08-28;2026-08-31;2026-09-01
 5     cache  rv 6005        3074.0       13.0 0.2922   6.4252          8.2183          0.0000         4.3850 0.4259    6.3205 0.2943     0.2486         3.8984     0.6956 2026-07-22;2026-07-30;2026-08-03;2026-08-07;2026-08-13;2026-08-14;2026-08-17;2026-08-19;2026-08-20;2026-08-21;2026-08-28;2026-08-31;2026-09-01
 5     cache  mx 6005        3074.0       13.0 0.3701   6.8523          5.6307          0.0001         4.8999 0.5443    7.2280 0.3094     0.2996         3.7753     0.6956 2026-07-22;2026-07-30;2026-08-03;2026-08-07;2026-08-13;2026-08-14;2026-08-17;2026-08-19;2026-08-20;2026-08-21;2026-08-28;2026-08-31;2026-09-01
 5      book abs  571         390.0        3.0 0.2154   1.3695          1.6592          0.2389         0.9624 0.4066    1.4419 0.1684     0.1047         0.5216     0.6528                                                                                                               2026-08-28;2026-08-31;2026-09-01
 5      book  rv  571         390.0        3.0 0.1957   1.1249          2.1189          0.1682         0.7742 0.5463    1.6750 0.2525     0.1500         0.6672     0.6528                                                                                                               2026-08-28;2026-08-31;2026-09-01
 5      book  mx  571         390.0        3.0 0.3562   1.8271          2.1227          0.1678         1.2680 0.5873    1.6581 0.2767     0.2345         0.9284     0.6528                                                                                                               2026-08-28;2026-08-31;2026-09-01
 5    greeks abs 1618         898.0        6.0 0.3267   4.6712          4.0070          0.0103         4.4603 0.3284    5.0195 0.1985     0.3161         2.9759     0.7058                                                                              2026-07-22;2026-08-03;2026-08-07;2026-08-28;2026-08-31;2026-09-01
 5    greeks  rv 1618         898.0        6.0 0.3149   7.0287          5.5874          0.0025         5.7357 0.3470    6.8892 0.3628     0.2721         3.8671     0.7058                                                                              2026-07-22;2026-08-03;2026-08-07;2026-08-28;2026-08-31;2026-09-01
 5    greeks  mx 1618         898.0        6.0 0.4446   6.5845          4.8691          0.0046         5.7469 0.4911    7.1188 0.3489     0.3906         3.8345     0.7058                                                                              2026-07-22;2026-08-03;2026-08-07;2026-08-28;2026-08-31;2026-09-01
10      surf abs 2935        1835.0        3.0 0.3125   6.2098          9.6034          0.0107         5.8349 0.1809    4.3731 0.1707     0.2934         4.4370     0.7647                                                                                                               2026-07-22;2026-08-03;2026-08-07
10      surf  rv 2935        1835.0        3.0 0.3581   8.8336         12.3460          0.0065         7.5894 0.3371    8.8076 0.4464     0.3837         7.0434     0.7647                                                                                                               2026-07-22;2026-08-03;2026-08-07
10      surf  mx 2935        1835.0        3.0 0.4288   7.7056         35.8422          0.0008         6.8514 0.3968    7.8716 0.3633     0.4461         5.9192     0.7647                                                                                                               2026-07-22;2026-08-03;2026-08-07
10      pipe abs 5156        2269.0       10.0 0.4671  19.8701          7.5726          0.0000        14.0276 0.0940    4.8485 0.1938     0.3900        10.6831     0.5097                                  2026-07-22;2026-07-30;2026-08-03;2026-08-07;2026-08-13;2026-08-14;2026-08-17;2026-08-19;2026-08-20;2026-08-21
10      pipe  rv 5156        2269.0       10.0 0.5362  29.7122         15.5988          0.0000        18.7701 0.1399    7.2768 0.3753     0.5314        16.9683     0.5097                                  2026-07-22;2026-07-30;2026-08-03;2026-08-07;2026-08-13;2026-08-14;2026-08-17;2026-08-19;2026-08-20;2026-08-21
10      pipe  mx 5156        2269.0       10.0 0.6713  25.8633         13.0705          0.0000        17.3076 0.1731    7.1079 0.3333     0.6352        14.9227     0.5097                                  2026-07-22;2026-07-30;2026-08-03;2026-08-07;2026-08-13;2026-08-14;2026-08-17;2026-08-19;2026-08-20;2026-08-21
10     cache abs 2216        1434.0       10.0 0.1747   2.2998          3.2989          0.0092         2.3086 0.4884    5.3134 0.2523     0.2488         2.1822     0.7387                                  2026-07-22;2026-07-30;2026-08-03;2026-08-07;2026-08-13;2026-08-14;2026-08-17;2026-08-19;2026-08-20;2026-08-21
10     cache  rv 2216        1434.0       10.0 0.1977   2.5316          9.5318          0.0000         2.2764 0.5936    5.7415 0.4213     0.1796         1.5919     0.7387                                  2026-07-22;2026-07-30;2026-08-03;2026-08-07;2026-08-13;2026-08-14;2026-08-17;2026-08-19;2026-08-20;2026-08-21
10     cache  mx 2216        1434.0       10.0 0.2278   2.7434          5.1530          0.0006         2.7210 0.7439    7.3103 0.4105     0.2897         2.3319     0.7387                                  2026-07-22;2026-07-30;2026-08-03;2026-08-07;2026-08-13;2026-08-14;2026-08-17;2026-08-19;2026-08-20;2026-08-21
10      book abs    0           NaN        NaN    NaN      NaN             NaN             NaN            NaN    NaN       NaN    NaN        NaN            NaN        NaN                                                                                                                                               
10      book  rv    0           NaN        NaN    NaN      NaN             NaN             NaN            NaN    NaN       NaN    NaN        NaN            NaN        NaN                                                                                                                                               
10      book  mx    0           NaN        NaN    NaN      NaN             NaN             NaN            NaN    NaN       NaN    NaN        NaN            NaN        NaN                                                                                                                                               
10    greeks abs  824         590.0        3.0 0.2499   2.7538          3.6601          0.0672         2.7704 0.2571    3.0821 0.1614     0.2163         2.1673     0.7663                                                                                                               2026-07-22;2026-08-03;2026-08-07
10    greeks  rv  824         590.0        3.0 0.3299   5.7278          3.4619          0.0743         5.4572 0.3870    6.2756 0.3726     0.3434         4.9196     0.7663                                                                                                               2026-07-22;2026-08-03;2026-08-07
10    greeks  mx  824         590.0        3.0 0.4207   4.8798         13.9870          0.0051         4.7990 0.4389    4.9345 0.3322     0.4235         3.9921     0.7663                                                                                                               2026-07-22;2026-08-03;2026-08-07
20      surf abs 2931        1506.0        3.0 0.1962   4.7211          7.6451          0.0167         4.0747 0.2061    5.4117 0.1320     0.2446         3.8320     0.7646                                                                                                               2026-07-22;2026-08-03;2026-08-07
20      surf  rv 2931        1506.0        3.0 0.3474  10.4606         10.0237          0.0098         8.8767 0.3016    9.3947 0.4724     0.4118         8.2979     0.7646                                                                                                               2026-07-22;2026-08-03;2026-08-07
20      surf  mx 2931        1506.0        3.0 0.3968   9.0006         17.8568          0.0031         7.9054 0.3266    7.5214 0.3422     0.4702         7.0088     0.7646                                                                                                               2026-07-22;2026-08-03;2026-08-07
20      pipe abs 2237        1095.0        4.0 0.2188   7.1268          3.8732          0.0305         5.8505 0.1409    5.1350 0.0935     0.2711         5.1602     0.6572                                                                                                    2026-07-22;2026-07-30;2026-08-03;2026-08-07
20      pipe  rv 2237        1095.0        4.0 0.4096  14.8645         19.3954          0.0003        11.9123 0.2498    9.5504 0.4602     0.4669         8.8401     0.6572                                                                                                    2026-07-22;2026-07-30;2026-08-03;2026-08-07
20      pipe  mx 2237        1095.0        4.0 0.4872  13.5863         13.9381          0.0008        10.9668 0.2606    8.0837 0.3280     0.5375         7.8222     0.6572                                                                                                    2026-07-22;2026-07-30;2026-08-03;2026-08-07
20     cache abs 1406        1259.0        4.0 0.0558   0.6377          2.3998          0.0959         0.6356 0.4081    4.2768 0.1510     0.0334         0.3494     0.7497                                                                                                    2026-07-22;2026-07-30;2026-08-03;2026-08-07
20     cache  rv 1406        1259.0        4.0 0.2201   2.7642         11.8263          0.0013         2.7627 0.4973    5.1522 0.4570     0.2210         2.5554     0.7497                                                                                                    2026-07-22;2026-07-30;2026-08-03;2026-08-07
20     cache  mx 1406        1259.0        4.0 0.2362   2.7722         21.7197          0.0002         2.7646 0.5751    6.1063 0.3547     0.2346         2.5204     0.7497                                                                                                    2026-07-22;2026-07-30;2026-08-03;2026-08-07
20      book abs    0           NaN        NaN    NaN      NaN             NaN             NaN            NaN    NaN       NaN    NaN        NaN            NaN        NaN                                                                                                                                               
20      book  rv    0           NaN        NaN    NaN      NaN             NaN             NaN            NaN    NaN       NaN    NaN        NaN            NaN        NaN                                                                                                                                               
20      book  mx    0           NaN        NaN    NaN      NaN             NaN             NaN            NaN    NaN       NaN    NaN        NaN            NaN        NaN                                                                                                                                               
20    greeks abs  824         543.0        3.0 0.0207   0.2470          0.2317          0.8383         0.2089 0.4568    5.2639 0.1660    -0.0115        -0.1048     0.7758                                                                                                               2026-07-22;2026-08-03;2026-08-07
20    greeks  rv  824         543.0        3.0 0.1488   1.1686          2.4791          0.1314         1.1504 0.5795    3.7109 0.4414     0.1420         0.8400     0.7758                                                                                                               2026-07-22;2026-08-03;2026-08-07
20    greeks  mx  824         543.0        3.0 0.1864   1.5306          1.7260          0.2265         1.4648 0.6465    4.4065 0.3564     0.1825         1.1504     0.7758                                                                                                               2026-07-22;2026-08-03;2026-08-07

=== ALG-10 ===
 h       group_type                    group     n              power  median_ratio_RV_over_sigmaf    q25    q75    IQR  coverage_1sigma  median_sigmaf_over_RV  median_abs_over_F  n_sessions
 5          overall                      ALL 17275                 OK                       0.6974 0.5102 0.9297 0.4195           0.8032                 1.4339             0.4804        13.0
 5        direction                     CALL  9106                 OK                       0.7040 0.5093 0.9444 0.4352           0.7915                 1.4204             0.4944        13.0
 5        direction                      PUT  1837                 OK                       0.6771 0.4944 0.9163 0.4219           0.8095                 1.4769             0.4670        13.0
 5        direction                    OTHER  6332                 OK                       0.6948 0.5154 0.9135 0.3982           0.8182                 1.4393             0.4652        13.0
 5     hidden_state      COMPRESSED_BALANCED  3989                 OK                       0.7017 0.5106 0.9482 0.4376           0.7796                 1.4251             0.5057        13.0
 5     hidden_state COMPRESSED_BEARISH_FORCE   108                 OK                       0.6025 0.4626 0.8127 0.3500           0.9167                 1.6597             0.3563         3.0
 5     hidden_state COMPRESSED_BULLISH_FORCE    28 INSUFFICIENT_POWER                       0.7585 0.5317 0.9640 0.4323           0.8571                 1.3184             0.4999         3.0
 5     hidden_state       LOW_ENERGY_NO_EDGE  6742                 OK                       0.7000 0.5069 0.9387 0.4318           0.7992                 1.4285             0.4879        13.0
 5     hidden_state TRENDING_BEARISH_INERTIA    18 INSUFFICIENT_POWER                       0.6080 0.5227 0.7399 0.2172           0.8333                 1.6448             0.6014         3.0
 5     hidden_state TRENDING_BULLISH_INERTIA    93 INSUFFICIENT_POWER                       0.7018 0.4989 0.9555 0.4566           0.9032                 1.4249             0.3650         3.0
 5     hidden_state                  UNKNOWN  6297                 OK                       0.6939 0.5145 0.9126 0.3981           0.8186                 1.4412             0.4647        13.0
 5 direction_detail                     CALL  9106                 OK                       0.7040 0.5093 0.9444 0.4352           0.7915                 1.4204             0.4944        13.0
 5 direction_detail              NOT_IN_BOOK  6297                 OK                       0.6939 0.5145 0.9126 0.3981           0.8186                 1.4412             0.4647        13.0
 5 direction_detail                      PUT  1837                 OK                       0.6771 0.4944 0.9163 0.4219           0.8095                 1.4769             0.4670        13.0
 5 direction_detail                 STRANGLE    35 INSUFFICIENT_POWER                       0.8276 0.5913 1.0288 0.4374           0.7429                 1.2082             0.6321         2.0
 5 direction_detail               UNRESOLVED     0 INSUFFICIENT_POWER                          NaN    NaN    NaN    NaN              NaN                    NaN                NaN         NaN
10          overall                      ALL 13460                 OK                       0.7192 0.5703 0.9167 0.3464           0.8216                 1.3904             0.4955        10.0
10        direction                     CALL  8831                 OK                       0.7203 0.5713 0.9169 0.3456           0.8261                 1.3883             0.4864        10.0
10        direction                      PUT  1567                 OK                       0.7049 0.5583 0.8918 0.3336           0.8264                 1.4187             0.5027        10.0
10        direction                    OTHER  3062                 OK                       0.7236 0.5729 0.9282 0.3553           0.8063                 1.3820             0.5211        10.0
10     hidden_state      COMPRESSED_BALANCED  3724                 OK                       0.7242 0.5736 0.9050 0.3314           0.8161                 1.3809             0.5045        10.0
10     hidden_state COMPRESSED_BEARISH_FORCE     0 INSUFFICIENT_POWER                          NaN    NaN    NaN    NaN              NaN                    NaN                NaN         NaN
10     hidden_state COMPRESSED_BULLISH_FORCE     0 INSUFFICIENT_POWER                          NaN    NaN    NaN    NaN              NaN                    NaN                NaN         NaN
10     hidden_state       LOW_ENERGY_NO_EDGE  6674                 OK                       0.7141 0.5677 0.9168 0.3492           0.8317                 1.4004             0.4769        10.0
10     hidden_state TRENDING_BEARISH_INERTIA     0 INSUFFICIENT_POWER                          NaN    NaN    NaN    NaN              NaN                    NaN                NaN         NaN
10     hidden_state TRENDING_BULLISH_INERTIA     0 INSUFFICIENT_POWER                          NaN    NaN    NaN    NaN              NaN                    NaN                NaN         NaN
10     hidden_state                  UNKNOWN  3062                 OK                       0.7236 0.5729 0.9282 0.3553           0.8063                 1.3820             0.5211        10.0
10 direction_detail                     CALL  8831                 OK                       0.7203 0.5713 0.9169 0.3456           0.8261                 1.3883             0.4864        10.0
10 direction_detail              NOT_IN_BOOK  3062                 OK                       0.7236 0.5729 0.9282 0.3553           0.8063                 1.3820             0.5211        10.0
10 direction_detail                      PUT  1567                 OK                       0.7049 0.5583 0.8918 0.3336           0.8264                 1.4187             0.5027        10.0
10 direction_detail                 STRANGLE     0 INSUFFICIENT_POWER                          NaN    NaN    NaN    NaN              NaN                    NaN                NaN         NaN
10 direction_detail               UNRESOLVED     0 INSUFFICIENT_POWER                          NaN    NaN    NaN    NaN              NaN                    NaN                NaN         NaN
20          overall                      ALL  5172                 OK                       0.8001 0.6469 0.9942 0.3473           0.7819                 1.2498             0.5178         4.0
20        direction                     CALL  3255                 OK                       0.7944 0.6457 0.9981 0.3524           0.7896                 1.2588             0.5201         4.0
20        direction                      PUT   495                 OK                       0.8446 0.6547 1.0236 0.3689           0.7293                 1.1841             0.5619         4.0
20        direction                    OTHER  1422                 OK                       0.7955 0.6489 0.9816 0.3327           0.7827                 1.2571             0.4928         4.0
20     hidden_state      COMPRESSED_BALANCED  1124                 OK                       0.8625 0.7004 1.0875 0.3872           0.7669                 1.1594             0.5582         4.0
20     hidden_state COMPRESSED_BEARISH_FORCE     0 INSUFFICIENT_POWER                          NaN    NaN    NaN    NaN              NaN                    NaN                NaN         NaN
20     hidden_state COMPRESSED_BULLISH_FORCE     0 INSUFFICIENT_POWER                          NaN    NaN    NaN    NaN              NaN                    NaN                NaN         NaN
20     hidden_state       LOW_ENERGY_NO_EDGE  2626                 OK                       0.7756 0.6254 0.9610 0.3357           0.7879                 1.2894             0.5144         4.0
20     hidden_state TRENDING_BEARISH_INERTIA     0 INSUFFICIENT_POWER                          NaN    NaN    NaN    NaN              NaN                    NaN                NaN         NaN
20     hidden_state TRENDING_BULLISH_INERTIA     0 INSUFFICIENT_POWER                          NaN    NaN    NaN    NaN              NaN                    NaN                NaN         NaN
20     hidden_state                  UNKNOWN  1422                 OK                       0.7955 0.6489 0.9816 0.3327           0.7827                 1.2571             0.4928         4.0
20 direction_detail                     CALL  3255                 OK                       0.7944 0.6457 0.9981 0.3524           0.7896                 1.2588             0.5201         4.0
20 direction_detail              NOT_IN_BOOK  1422                 OK                       0.7955 0.6489 0.9816 0.3327           0.7827                 1.2571             0.4928         4.0
20 direction_detail                      PUT   495                 OK                       0.8446 0.6547 1.0236 0.3689           0.7293                 1.1841             0.5619         4.0
20 direction_detail                 STRANGLE     0 INSUFFICIENT_POWER                          NaN    NaN    NaN    NaN              NaN                    NaN                NaN         NaN
20 direction_detail               UNRESOLVED     0 INSUFFICIENT_POWER                          NaN    NaN    NaN    NaN              NaN                    NaN                NaN         NaN

=== stability ===
 h forecast_session    n power  median_sigmaf_over_RV  median_RV_over_sigmaf  IQR_RV_over_sigmaf  coverage_1sigma  median_sigmaf  median_RV
 5       2026-07-22 1375    OK                 1.1264                 0.8878              0.5165           0.5862         0.4753     0.3994
 5       2026-07-30 1258    OK                 1.3219                 0.7565              0.5039           0.7377         0.5237     0.4242
 5       2026-08-03 1253    OK                 1.2005                 0.8330              0.5840           0.7183         0.4941     0.4114
 5       2026-08-07 1303    OK                 1.5493                 0.6454              0.4336           0.8519         0.4830     0.3079
 5       2026-08-13 1396    OK                 1.3465                 0.7427              0.3913           0.7693         0.4632     0.3456
 5       2026-08-14 1408    OK                 1.3030                 0.7674              0.4007           0.7393         0.4680     0.3502
 5       2026-08-17 1396    OK                 1.3361                 0.7484              0.4091           0.7063         0.4668     0.3402
 5       2026-08-19 1403    OK                 1.7470                 0.5724              0.3303           0.9252         0.5050     0.2795
 5       2026-08-20 1371    OK                 1.7043                 0.5867              0.3600           0.9096         0.4830     0.2739
 5       2026-08-21 1307    OK                 1.6294                 0.6137              0.3282           0.9319         0.4802     0.2845
 5       2026-08-28 1248    OK                 1.5601                 0.6410              0.3625           0.8966         0.4774     0.2876
 5       2026-08-31 1283    OK                 1.4379                 0.6955              0.3922           0.8480         0.4749     0.3234
 5       2026-09-01 1274    OK                 1.4380                 0.6954              0.3659           0.8320         0.4770     0.3223
10       2026-07-22 1371    OK                 1.0477                 0.9545              0.4527           0.6856         0.4739     0.4553
10       2026-07-30 1258    OK                 1.2812                 0.7805              0.4520           0.7393         0.5237     0.4275
10       2026-08-03 1252    OK                 1.2778                 0.7826              0.4435           0.7716         0.4941     0.4004
10       2026-08-07 1300    OK                 1.3405                 0.7460              0.3339           0.8246         0.4834     0.3648
10       2026-08-13 1395    OK                 1.4061                 0.7112              0.3031           0.8645         0.4628     0.3289
10       2026-08-14 1407    OK                 1.3924                 0.7182              0.3057           0.8166         0.4681     0.3298
10       2026-08-17 1396    OK                 1.4046                 0.7119              0.3073           0.7858         0.4668     0.3228
10       2026-08-19 1403    OK                 1.5731                 0.6357              0.2536           0.8938         0.5050     0.3171
10       2026-08-20 1371    OK                 1.5416                 0.6487              0.2714           0.9066         0.4830     0.3056
10       2026-08-21 1307    OK                 1.5406                 0.6491              0.2457           0.9197         0.4802     0.3078
20       2026-07-22 1369    OK                 1.0547                 0.9481              0.3863           0.7129         0.4746     0.4455
20       2026-07-30 1255    OK                 1.3135                 0.7613              0.3515           0.7904         0.5259     0.4150
20       2026-08-03 1249    OK                 1.2836                 0.7791              0.3271           0.7862         0.4942     0.3888
20       2026-08-07 1299    OK                 1.3879                 0.7205              0.2754           0.8422         0.4834     0.3524
h=5 sessions=13 median(sigmaf/RV) across sessions: min=1.126 max=1.747 mean=1.439 sd=0.190; coverage min=0.586 max=0.932
h=10 sessions=10 median(sigmaf/RV) across sessions: min=1.048 max=1.573 mean=1.381 sd=0.157; coverage min=0.686 max=0.920
h=20 sessions=4 median(sigmaf/RV) across sessions: min=1.055 max=1.388 mean=1.260 sd=0.144; coverage min=0.713 max=0.842

=== per-state correction (train < 2026-08-15, test >=) ===
 h                             scheme  train_sessions  n_train  test_sessions  n_test  m_overall                                                     m_state  test_median_ratio  test_median_abs_log_ratio  test_coverage_1sigma              power
 5                               none             6.0   6087.0            7.0    4891     0.7673 {"COMPRESSED_BALANCED": 0.811, "LOW_ENERGY_NO_EDGE": 0.748}             0.6278                     0.4810                0.8716                NaN
 5           none:COMPRESSED_BALANCED             NaN      NaN            NaN    2188        NaN                                                         NaN             0.6259                        NaN                0.8702                 OK
 5      none:COMPRESSED_BEARISH_FORCE             NaN      NaN            NaN     108        NaN                                                         NaN             0.6025                        NaN                0.9167                 OK
 5      none:COMPRESSED_BULLISH_FORCE             NaN      NaN            NaN      28        NaN                                                         NaN             0.7585                        NaN                0.8571 INSUFFICIENT_POWER
 5            none:LOW_ENERGY_NO_EDGE             NaN      NaN            NaN    2456        NaN                                                         NaN             0.6274                        NaN                0.8701                 OK
 5      none:TRENDING_BEARISH_INERTIA             NaN      NaN            NaN      18        NaN                                                         NaN             0.6080                        NaN                0.8333 INSUFFICIENT_POWER
 5      none:TRENDING_BULLISH_INERTIA             NaN      NaN            NaN      93        NaN                                                         NaN             0.7018                        NaN                0.9032 INSUFFICIENT_POWER
 5                            overall             6.0   6087.0            7.0    4891     0.7673 {"COMPRESSED_BALANCED": 0.811, "LOW_ENERGY_NO_EDGE": 0.748}             0.8181                     0.3153                0.7673                NaN
 5        overall:COMPRESSED_BALANCED             NaN      NaN            NaN    2188        NaN                                                         NaN             0.8157                        NaN                0.7601                 OK
 5   overall:COMPRESSED_BEARISH_FORCE             NaN      NaN            NaN     108        NaN                                                         NaN             0.7852                        NaN                0.8704                 OK
 5   overall:COMPRESSED_BULLISH_FORCE             NaN      NaN            NaN      28        NaN                                                         NaN             0.9884                        NaN                0.7143 INSUFFICIENT_POWER
 5         overall:LOW_ENERGY_NO_EDGE             NaN      NaN            NaN    2456        NaN                                                         NaN             0.8176                        NaN                0.7716                 OK
 5   overall:TRENDING_BEARISH_INERTIA             NaN      NaN            NaN      18        NaN                                                         NaN             0.7924                        NaN                0.6667 INSUFFICIENT_POWER
 5   overall:TRENDING_BULLISH_INERTIA             NaN      NaN            NaN      93        NaN                                                         NaN             0.9146                        NaN                0.7419 INSUFFICIENT_POWER
 5                          per_state             6.0   6087.0            7.0    4891     0.7673 {"COMPRESSED_BALANCED": 0.811, "LOW_ENERGY_NO_EDGE": 0.748}             0.8117                     0.3202                0.7724                NaN
 5      per_state:COMPRESSED_BALANCED             NaN      NaN            NaN    2188        NaN                                                         NaN             0.7718                        NaN                0.7843                 OK
 5 per_state:COMPRESSED_BEARISH_FORCE             NaN      NaN            NaN     108        NaN                                                         NaN             0.7852                        NaN                0.8704                 OK
 5 per_state:COMPRESSED_BULLISH_FORCE             NaN      NaN            NaN      28        NaN                                                         NaN             0.9884                        NaN                0.7143 INSUFFICIENT_POWER
 5       per_state:LOW_ENERGY_NO_EDGE             NaN      NaN            NaN    2456        NaN                                                         NaN             0.8392                        NaN                0.7602                 OK
 5 per_state:TRENDING_BEARISH_INERTIA             NaN      NaN            NaN      18        NaN                                                         NaN             0.7924                        NaN                0.6667 INSUFFICIENT_POWER
 5 per_state:TRENDING_BULLISH_INERTIA             NaN      NaN            NaN      93        NaN                                                         NaN             0.9146                        NaN                0.7419 INSUFFICIENT_POWER
10                               none             6.0   6078.0            4.0    4320     0.7745 {"COMPRESSED_BALANCED": 0.822, "LOW_ENERGY_NO_EDGE": 0.756}             0.6592                     0.4289                0.8755                NaN
10           none:COMPRESSED_BALANCED             NaN      NaN            NaN    1926        NaN                                                         NaN             0.6545                        NaN                0.8744                 OK
10            none:LOW_ENERGY_NO_EDGE             NaN      NaN            NaN    2394        NaN                                                         NaN             0.6624                        NaN                0.8764                 OK
10                            overall             6.0   6078.0            4.0    4320     0.7745 {"COMPRESSED_BALANCED": 0.822, "LOW_ENERGY_NO_EDGE": 0.756}             0.8511                     0.2404                0.7752                NaN
10        overall:COMPRESSED_BALANCED             NaN      NaN            NaN    1926        NaN                                                         NaN             0.8451                        NaN                0.7669                 OK
10         overall:LOW_ENERGY_NO_EDGE             NaN      NaN            NaN    2394        NaN                                                         NaN             0.8552                        NaN                0.7820                 OK
10                          per_state             6.0   6078.0            4.0    4320     0.7745 {"COMPRESSED_BALANCED": 0.822, "LOW_ENERGY_NO_EDGE": 0.756}             0.8402                     0.2488                0.7819                NaN
10      per_state:COMPRESSED_BALANCED             NaN      NaN            NaN    1926        NaN                                                         NaN             0.7962                        NaN                0.7949                 OK
10       per_state:LOW_ENERGY_NO_EDGE             NaN      NaN            NaN    2394        NaN                                                         NaN             0.8763                        NaN                0.7715                 OK

=== _6_10d < _1_5d ===
Traceback (most recent call last):
  File "C:\Users\ACKVerissimo\AVSHUNTER-Intelligence\audit\td\AVS-TD-001\probes\p22_M2_analysis.py", line 277, in <module>
    log(f"rows with both fields: {len(v)} of {len(fr)}; fraction 6_10 < 1_5: {v.lt.mean():.6f}; ratio 6_10/1_5 median {v.r610.median():.6f} min {v.r610.min():.6f} max {v.r610.max():.6f}; "
                                                                              ^^^^^^^^^
AttributeError: 'function' object has no attribute 'mean'
